{
 "cells": [
  {
   "cell_type": "code",
   "execution_count": 1,
   "id": "3263de8e",
   "metadata": {},
   "outputs": [],
   "source": [
    "import matplotlib.pyplot as plt\n",
    "import pandas as pd\n",
    "import xgboost as xgb\n",
    "import numpy as np\n",
    "from sklearn.model_selection import train_test_split"
   ]
  },
  {
   "cell_type": "code",
   "execution_count": 2,
   "id": "58fed9bd",
   "metadata": {
    "scrolled": true
   },
   "outputs": [],
   "source": [
    "df_full = pd.read_csv('dataload_2021-05-28.csv', index_col=\"date\", parse_dates=[\"date\"])\n",
    "df_full.dropna(inplace=True)\n",
    "df = df_full[:4000]\n",
    "df_eval = df_full[4001:]"
   ]
  },
  {
   "cell_type": "code",
   "execution_count": 3,
   "id": "3107f42c",
   "metadata": {},
   "outputs": [],
   "source": [
    "df.sort_index(axis=0, ascending=True, inplace=True)"
   ]
  },
  {
   "cell_type": "code",
   "execution_count": 4,
   "id": "208cad5b",
   "metadata": {
    "scrolled": true
   },
   "outputs": [
    {
     "data": {
      "text/plain": "            4. close  6. volume     roc      sma      ema      rsi  \\\ndate                                                                 \n1999-12-28     28.75   780300.0 -0.6565  14.6350  14.2512  58.0771   \n1999-12-29     28.44   522600.0 -1.0783  14.6398  14.2483  57.0397   \n1999-12-30     28.44   892400.0  0.0000  14.6633  14.2456  57.0397   \n1999-12-31     28.94   882800.0  1.7581  14.6243  14.2670  58.3687   \n2000-01-03     31.00  3921600.0  7.1182  14.6243  14.3844  63.2931   \n\n                   obv  MACD_Signal    MACD  MACD_Hist    SlowK    SlowD  \\\ndate                                                                       \n1999-12-28  43062400.0       0.7219  0.4981    -0.2239  27.4304  35.4404   \n1999-12-29  42017200.0       0.6661  0.4426    -0.2235  28.5393  29.0019   \n1999-12-30  42017200.0       0.6117  0.3941    -0.2176  30.6254  28.8651   \n1999-12-31  43782800.0       0.5636  0.3716    -0.1921  52.7724  37.3124   \n2000-01-03  51626000.0       0.5373  0.4318    -0.1055  77.1122  53.5034   \n\n                adx       cci  Aroon Up  Aroon Down  Real Lower Band  \\\ndate                                                                   \n1999-12-28  43.5091  -48.0229      35.0        60.0          13.4313   \n1999-12-29  42.3421  -69.9336      30.0        55.0          13.4434   \n1999-12-30  41.1439  -82.6652      25.0        50.0          13.5204   \n1999-12-31  40.0687  -52.8434      20.0        45.0          13.5113   \n2000-01-03  39.6958  113.0544      15.0        40.0          13.5113   \n\n            Real Middle Band  Real Upper Band            ad  \ndate                                                         \n1999-12-28           14.6350          15.8387  6.374274e+07  \n1999-12-29           14.6398          15.8361  6.383307e+07  \n1999-12-30           14.6633          15.8061  6.444066e+07  \n1999-12-31           14.6243          15.7372  6.620626e+07  \n2000-01-03           14.6243          15.7372  7.240282e+07  ",
      "text/html": "<div>\n<style scoped>\n    .dataframe tbody tr th:only-of-type {\n        vertical-align: middle;\n    }\n\n    .dataframe tbody tr th {\n        vertical-align: top;\n    }\n\n    .dataframe thead th {\n        text-align: right;\n    }\n</style>\n<table border=\"1\" class=\"dataframe\">\n  <thead>\n    <tr style=\"text-align: right;\">\n      <th></th>\n      <th>4. close</th>\n      <th>6. volume</th>\n      <th>roc</th>\n      <th>sma</th>\n      <th>ema</th>\n      <th>rsi</th>\n      <th>obv</th>\n      <th>MACD_Signal</th>\n      <th>MACD</th>\n      <th>MACD_Hist</th>\n      <th>SlowK</th>\n      <th>SlowD</th>\n      <th>adx</th>\n      <th>cci</th>\n      <th>Aroon Up</th>\n      <th>Aroon Down</th>\n      <th>Real Lower Band</th>\n      <th>Real Middle Band</th>\n      <th>Real Upper Band</th>\n      <th>ad</th>\n    </tr>\n    <tr>\n      <th>date</th>\n      <th></th>\n      <th></th>\n      <th></th>\n      <th></th>\n      <th></th>\n      <th></th>\n      <th></th>\n      <th></th>\n      <th></th>\n      <th></th>\n      <th></th>\n      <th></th>\n      <th></th>\n      <th></th>\n      <th></th>\n      <th></th>\n      <th></th>\n      <th></th>\n      <th></th>\n      <th></th>\n    </tr>\n  </thead>\n  <tbody>\n    <tr>\n      <th>1999-12-28</th>\n      <td>28.75</td>\n      <td>780300.0</td>\n      <td>-0.6565</td>\n      <td>14.6350</td>\n      <td>14.2512</td>\n      <td>58.0771</td>\n      <td>43062400.0</td>\n      <td>0.7219</td>\n      <td>0.4981</td>\n      <td>-0.2239</td>\n      <td>27.4304</td>\n      <td>35.4404</td>\n      <td>43.5091</td>\n      <td>-48.0229</td>\n      <td>35.0</td>\n      <td>60.0</td>\n      <td>13.4313</td>\n      <td>14.6350</td>\n      <td>15.8387</td>\n      <td>6.374274e+07</td>\n    </tr>\n    <tr>\n      <th>1999-12-29</th>\n      <td>28.44</td>\n      <td>522600.0</td>\n      <td>-1.0783</td>\n      <td>14.6398</td>\n      <td>14.2483</td>\n      <td>57.0397</td>\n      <td>42017200.0</td>\n      <td>0.6661</td>\n      <td>0.4426</td>\n      <td>-0.2235</td>\n      <td>28.5393</td>\n      <td>29.0019</td>\n      <td>42.3421</td>\n      <td>-69.9336</td>\n      <td>30.0</td>\n      <td>55.0</td>\n      <td>13.4434</td>\n      <td>14.6398</td>\n      <td>15.8361</td>\n      <td>6.383307e+07</td>\n    </tr>\n    <tr>\n      <th>1999-12-30</th>\n      <td>28.44</td>\n      <td>892400.0</td>\n      <td>0.0000</td>\n      <td>14.6633</td>\n      <td>14.2456</td>\n      <td>57.0397</td>\n      <td>42017200.0</td>\n      <td>0.6117</td>\n      <td>0.3941</td>\n      <td>-0.2176</td>\n      <td>30.6254</td>\n      <td>28.8651</td>\n      <td>41.1439</td>\n      <td>-82.6652</td>\n      <td>25.0</td>\n      <td>50.0</td>\n      <td>13.5204</td>\n      <td>14.6633</td>\n      <td>15.8061</td>\n      <td>6.444066e+07</td>\n    </tr>\n    <tr>\n      <th>1999-12-31</th>\n      <td>28.94</td>\n      <td>882800.0</td>\n      <td>1.7581</td>\n      <td>14.6243</td>\n      <td>14.2670</td>\n      <td>58.3687</td>\n      <td>43782800.0</td>\n      <td>0.5636</td>\n      <td>0.3716</td>\n      <td>-0.1921</td>\n      <td>52.7724</td>\n      <td>37.3124</td>\n      <td>40.0687</td>\n      <td>-52.8434</td>\n      <td>20.0</td>\n      <td>45.0</td>\n      <td>13.5113</td>\n      <td>14.6243</td>\n      <td>15.7372</td>\n      <td>6.620626e+07</td>\n    </tr>\n    <tr>\n      <th>2000-01-03</th>\n      <td>31.00</td>\n      <td>3921600.0</td>\n      <td>7.1182</td>\n      <td>14.6243</td>\n      <td>14.3844</td>\n      <td>63.2931</td>\n      <td>51626000.0</td>\n      <td>0.5373</td>\n      <td>0.4318</td>\n      <td>-0.1055</td>\n      <td>77.1122</td>\n      <td>53.5034</td>\n      <td>39.6958</td>\n      <td>113.0544</td>\n      <td>15.0</td>\n      <td>40.0</td>\n      <td>13.5113</td>\n      <td>14.6243</td>\n      <td>15.7372</td>\n      <td>7.240282e+07</td>\n    </tr>\n  </tbody>\n</table>\n</div>"
     },
     "execution_count": 4,
     "metadata": {},
     "output_type": "execute_result"
    }
   ],
   "source": [
    "x = df.drop(['1. open', '2. high', '3. low', '5. adjusted close', '7. dividend amount', '8. split coefficient',\n",
    "             'shifted_ROC_BOOL'], axis=1).copy()\n",
    "\n",
    "x.head()"
   ]
  },
  {
   "cell_type": "code",
   "execution_count": 5,
   "id": "63b62f33",
   "metadata": {
    "scrolled": true
   },
   "outputs": [
    {
     "data": {
      "text/plain": "                  4. close  6. volume       roc       sma       ema       rsi  \\\n4. close          1.000000  -0.319282  0.024540  0.988182  0.990414  0.199583   \n6. volume        -0.319282   1.000000 -0.002885 -0.311382 -0.311540 -0.058037   \nroc               0.024540  -0.002885  1.000000 -0.022926 -0.020960  0.282785   \nsma               0.988182  -0.311382 -0.022926  1.000000  0.999478  0.088581   \nema               0.990414  -0.311540 -0.020960  0.999478  1.000000  0.098931   \nrsi               0.199583  -0.058037  0.282785  0.088581  0.098931  1.000000   \nobv               0.848613  -0.385754  0.035498  0.845094  0.846498  0.211138   \nMACD_Signal       0.129815  -0.039820  0.044758  0.060579  0.061858  0.784772   \nMACD              0.119678  -0.044586  0.082673  0.028375  0.035645  0.869481   \nMACD_Hist         0.043096  -0.028213  0.165896 -0.046378 -0.024437  0.416035   \nSlowK             0.075745  -0.013595  0.278479 -0.015282 -0.004227  0.606024   \nSlowD             0.080481  -0.008805  0.106085 -0.010870  0.003083  0.621833   \nadx               0.085651   0.084547  0.021470  0.072703  0.074907  0.016684   \ncci               0.102886  -0.040379  0.328551 -0.014269  0.003055  0.827443   \nAroon Up          0.095910   0.059982  0.089993  0.015150  0.026244  0.680381   \nAroon Down       -0.099667   0.116990 -0.119500 -0.015117 -0.026642 -0.702991   \nReal Lower Band   0.982409  -0.300251 -0.023259  0.992587  0.992051  0.099584   \nReal Middle Band  0.988182  -0.311382 -0.022926  1.000000  0.999478  0.088581   \nReal Upper Band   0.983649  -0.312439 -0.023410  0.996145  0.995648  0.076402   \nad                0.893689  -0.484374  0.008359  0.892491  0.893823  0.111019   \n\n                       obv  MACD_Signal      MACD  MACD_Hist     SlowK  \\\n4. close          0.848613     0.129815  0.119678   0.043096  0.075745   \n6. volume        -0.385754    -0.039820 -0.044586  -0.028213 -0.013595   \nroc               0.035498     0.044758  0.082673   0.165896  0.278479   \nsma               0.845094     0.060579  0.028375  -0.046378 -0.015282   \nema               0.846498     0.061858  0.035645  -0.024437 -0.004227   \nrsi               0.211138     0.784772  0.869481   0.416035  0.606024   \nobv               1.000000     0.133987  0.127973   0.046181  0.082085   \nMACD_Signal       0.133987     1.000000  0.949093   0.038669  0.204898   \nMACD              0.127973     0.949093  1.000000   0.260167  0.352180   \nMACD_Hist         0.046181     0.038669  0.260167   1.000000  0.605708   \nSlowK             0.082085     0.204898  0.352180   0.605708  1.000000   \nSlowD             0.088539     0.263710  0.425902   0.669935  0.900018   \nadx              -0.019088     0.063332  0.074848   0.077472  0.041626   \ncci               0.119404     0.436924  0.617616   0.708042  0.773764   \nAroon Up          0.114860     0.576236  0.660346   0.370951  0.333348   \nAroon Down       -0.114102    -0.561520 -0.665752  -0.393087 -0.375648   \nReal Lower Band   0.846681     0.073014  0.040334  -0.051247 -0.016700   \nReal Middle Band  0.845094     0.060579  0.028375  -0.046378 -0.015282   \nReal Upper Band   0.836649     0.047946  0.016337  -0.045281 -0.017682   \nad                0.755911     0.041966  0.034954   0.034886  0.027383   \n\n                     SlowD       adx       cci  Aroon Up  Aroon Down  \\\n4. close          0.080481  0.085651  0.102886  0.095910   -0.099667   \n6. volume        -0.008805  0.084547 -0.040379  0.059982    0.116990   \nroc               0.106085  0.021470  0.328551  0.089993   -0.119500   \nsma              -0.010870  0.072703 -0.014269  0.015150   -0.015117   \nema               0.003083  0.074907  0.003055  0.026244   -0.026642   \nrsi               0.621833  0.016684  0.827443  0.680381   -0.702991   \nobv               0.088539 -0.019088  0.119404  0.114860   -0.114102   \nMACD_Signal       0.263710  0.063332  0.436924  0.576236   -0.561520   \nMACD              0.425902  0.074848  0.617616  0.660346   -0.665752   \nMACD_Hist         0.669935  0.077472  0.708042  0.370951   -0.393087   \nSlowK             0.900018  0.041626  0.773764  0.333348   -0.375648   \nSlowD             1.000000  0.039943  0.766640  0.394023   -0.440320   \nadx               0.039943  1.000000  0.043725 -0.015189   -0.061951   \ncci               0.766640  0.043725  1.000000  0.622700   -0.663308   \nAroon Up          0.394023 -0.015189  0.622700  1.000000   -0.537063   \nAroon Down       -0.440320 -0.061951 -0.663308 -0.537063    1.000000   \nReal Lower Band  -0.011395  0.033836 -0.009360  0.019138   -0.027621   \nReal Middle Band -0.010870  0.072703 -0.014269  0.015150   -0.015117   \nReal Upper Band  -0.013937  0.098174 -0.020125  0.011877   -0.003011   \nad                0.029485  0.047209  0.045987  0.036550   -0.040059   \n\n                  Real Lower Band  Real Middle Band  Real Upper Band        ad  \n4. close                 0.982409          0.988182         0.983649  0.893689  \n6. volume               -0.300251         -0.311382        -0.312439 -0.484374  \nroc                     -0.023259         -0.022926        -0.023410  0.008359  \nsma                      0.992587          1.000000         0.996145  0.892491  \nema                      0.992051          0.999478         0.995648  0.893823  \nrsi                      0.099584          0.088581         0.076402  0.111019  \nobv                      0.846681          0.845094         0.836649  0.755911  \nMACD_Signal              0.073014          0.060579         0.047946  0.041966  \nMACD                     0.040334          0.028375         0.016337  0.034954  \nMACD_Hist               -0.051247         -0.046378        -0.045281  0.034886  \nSlowK                   -0.016700         -0.015282        -0.017682  0.027383  \nSlowD                   -0.011395         -0.010870        -0.013937  0.029485  \nadx                      0.033836          0.072703         0.098174  0.047209  \ncci                     -0.009360         -0.014269        -0.020125  0.045987  \nAroon Up                 0.019138          0.015150         0.011877  0.036550  \nAroon Down              -0.027621         -0.015117        -0.003011 -0.040059  \nReal Lower Band          1.000000          0.992587         0.979941  0.864077  \nReal Middle Band         0.992587          1.000000         0.996145  0.892491  \nReal Upper Band          0.979941          0.996145         1.000000  0.904091  \nad                       0.864077          0.892491         0.904091  1.000000  ",
      "text/html": "<div>\n<style scoped>\n    .dataframe tbody tr th:only-of-type {\n        vertical-align: middle;\n    }\n\n    .dataframe tbody tr th {\n        vertical-align: top;\n    }\n\n    .dataframe thead th {\n        text-align: right;\n    }\n</style>\n<table border=\"1\" class=\"dataframe\">\n  <thead>\n    <tr style=\"text-align: right;\">\n      <th></th>\n      <th>4. close</th>\n      <th>6. volume</th>\n      <th>roc</th>\n      <th>sma</th>\n      <th>ema</th>\n      <th>rsi</th>\n      <th>obv</th>\n      <th>MACD_Signal</th>\n      <th>MACD</th>\n      <th>MACD_Hist</th>\n      <th>SlowK</th>\n      <th>SlowD</th>\n      <th>adx</th>\n      <th>cci</th>\n      <th>Aroon Up</th>\n      <th>Aroon Down</th>\n      <th>Real Lower Band</th>\n      <th>Real Middle Band</th>\n      <th>Real Upper Band</th>\n      <th>ad</th>\n    </tr>\n  </thead>\n  <tbody>\n    <tr>\n      <th>4. close</th>\n      <td>1.000000</td>\n      <td>-0.319282</td>\n      <td>0.024540</td>\n      <td>0.988182</td>\n      <td>0.990414</td>\n      <td>0.199583</td>\n      <td>0.848613</td>\n      <td>0.129815</td>\n      <td>0.119678</td>\n      <td>0.043096</td>\n      <td>0.075745</td>\n      <td>0.080481</td>\n      <td>0.085651</td>\n      <td>0.102886</td>\n      <td>0.095910</td>\n      <td>-0.099667</td>\n      <td>0.982409</td>\n      <td>0.988182</td>\n      <td>0.983649</td>\n      <td>0.893689</td>\n    </tr>\n    <tr>\n      <th>6. volume</th>\n      <td>-0.319282</td>\n      <td>1.000000</td>\n      <td>-0.002885</td>\n      <td>-0.311382</td>\n      <td>-0.311540</td>\n      <td>-0.058037</td>\n      <td>-0.385754</td>\n      <td>-0.039820</td>\n      <td>-0.044586</td>\n      <td>-0.028213</td>\n      <td>-0.013595</td>\n      <td>-0.008805</td>\n      <td>0.084547</td>\n      <td>-0.040379</td>\n      <td>0.059982</td>\n      <td>0.116990</td>\n      <td>-0.300251</td>\n      <td>-0.311382</td>\n      <td>-0.312439</td>\n      <td>-0.484374</td>\n    </tr>\n    <tr>\n      <th>roc</th>\n      <td>0.024540</td>\n      <td>-0.002885</td>\n      <td>1.000000</td>\n      <td>-0.022926</td>\n      <td>-0.020960</td>\n      <td>0.282785</td>\n      <td>0.035498</td>\n      <td>0.044758</td>\n      <td>0.082673</td>\n      <td>0.165896</td>\n      <td>0.278479</td>\n      <td>0.106085</td>\n      <td>0.021470</td>\n      <td>0.328551</td>\n      <td>0.089993</td>\n      <td>-0.119500</td>\n      <td>-0.023259</td>\n      <td>-0.022926</td>\n      <td>-0.023410</td>\n      <td>0.008359</td>\n    </tr>\n    <tr>\n      <th>sma</th>\n      <td>0.988182</td>\n      <td>-0.311382</td>\n      <td>-0.022926</td>\n      <td>1.000000</td>\n      <td>0.999478</td>\n      <td>0.088581</td>\n      <td>0.845094</td>\n      <td>0.060579</td>\n      <td>0.028375</td>\n      <td>-0.046378</td>\n      <td>-0.015282</td>\n      <td>-0.010870</td>\n      <td>0.072703</td>\n      <td>-0.014269</td>\n      <td>0.015150</td>\n      <td>-0.015117</td>\n      <td>0.992587</td>\n      <td>1.000000</td>\n      <td>0.996145</td>\n      <td>0.892491</td>\n    </tr>\n    <tr>\n      <th>ema</th>\n      <td>0.990414</td>\n      <td>-0.311540</td>\n      <td>-0.020960</td>\n      <td>0.999478</td>\n      <td>1.000000</td>\n      <td>0.098931</td>\n      <td>0.846498</td>\n      <td>0.061858</td>\n      <td>0.035645</td>\n      <td>-0.024437</td>\n      <td>-0.004227</td>\n      <td>0.003083</td>\n      <td>0.074907</td>\n      <td>0.003055</td>\n      <td>0.026244</td>\n      <td>-0.026642</td>\n      <td>0.992051</td>\n      <td>0.999478</td>\n      <td>0.995648</td>\n      <td>0.893823</td>\n    </tr>\n    <tr>\n      <th>rsi</th>\n      <td>0.199583</td>\n      <td>-0.058037</td>\n      <td>0.282785</td>\n      <td>0.088581</td>\n      <td>0.098931</td>\n      <td>1.000000</td>\n      <td>0.211138</td>\n      <td>0.784772</td>\n      <td>0.869481</td>\n      <td>0.416035</td>\n      <td>0.606024</td>\n      <td>0.621833</td>\n      <td>0.016684</td>\n      <td>0.827443</td>\n      <td>0.680381</td>\n      <td>-0.702991</td>\n      <td>0.099584</td>\n      <td>0.088581</td>\n      <td>0.076402</td>\n      <td>0.111019</td>\n    </tr>\n    <tr>\n      <th>obv</th>\n      <td>0.848613</td>\n      <td>-0.385754</td>\n      <td>0.035498</td>\n      <td>0.845094</td>\n      <td>0.846498</td>\n      <td>0.211138</td>\n      <td>1.000000</td>\n      <td>0.133987</td>\n      <td>0.127973</td>\n      <td>0.046181</td>\n      <td>0.082085</td>\n      <td>0.088539</td>\n      <td>-0.019088</td>\n      <td>0.119404</td>\n      <td>0.114860</td>\n      <td>-0.114102</td>\n      <td>0.846681</td>\n      <td>0.845094</td>\n      <td>0.836649</td>\n      <td>0.755911</td>\n    </tr>\n    <tr>\n      <th>MACD_Signal</th>\n      <td>0.129815</td>\n      <td>-0.039820</td>\n      <td>0.044758</td>\n      <td>0.060579</td>\n      <td>0.061858</td>\n      <td>0.784772</td>\n      <td>0.133987</td>\n      <td>1.000000</td>\n      <td>0.949093</td>\n      <td>0.038669</td>\n      <td>0.204898</td>\n      <td>0.263710</td>\n      <td>0.063332</td>\n      <td>0.436924</td>\n      <td>0.576236</td>\n      <td>-0.561520</td>\n      <td>0.073014</td>\n      <td>0.060579</td>\n      <td>0.047946</td>\n      <td>0.041966</td>\n    </tr>\n    <tr>\n      <th>MACD</th>\n      <td>0.119678</td>\n      <td>-0.044586</td>\n      <td>0.082673</td>\n      <td>0.028375</td>\n      <td>0.035645</td>\n      <td>0.869481</td>\n      <td>0.127973</td>\n      <td>0.949093</td>\n      <td>1.000000</td>\n      <td>0.260167</td>\n      <td>0.352180</td>\n      <td>0.425902</td>\n      <td>0.074848</td>\n      <td>0.617616</td>\n      <td>0.660346</td>\n      <td>-0.665752</td>\n      <td>0.040334</td>\n      <td>0.028375</td>\n      <td>0.016337</td>\n      <td>0.034954</td>\n    </tr>\n    <tr>\n      <th>MACD_Hist</th>\n      <td>0.043096</td>\n      <td>-0.028213</td>\n      <td>0.165896</td>\n      <td>-0.046378</td>\n      <td>-0.024437</td>\n      <td>0.416035</td>\n      <td>0.046181</td>\n      <td>0.038669</td>\n      <td>0.260167</td>\n      <td>1.000000</td>\n      <td>0.605708</td>\n      <td>0.669935</td>\n      <td>0.077472</td>\n      <td>0.708042</td>\n      <td>0.370951</td>\n      <td>-0.393087</td>\n      <td>-0.051247</td>\n      <td>-0.046378</td>\n      <td>-0.045281</td>\n      <td>0.034886</td>\n    </tr>\n    <tr>\n      <th>SlowK</th>\n      <td>0.075745</td>\n      <td>-0.013595</td>\n      <td>0.278479</td>\n      <td>-0.015282</td>\n      <td>-0.004227</td>\n      <td>0.606024</td>\n      <td>0.082085</td>\n      <td>0.204898</td>\n      <td>0.352180</td>\n      <td>0.605708</td>\n      <td>1.000000</td>\n      <td>0.900018</td>\n      <td>0.041626</td>\n      <td>0.773764</td>\n      <td>0.333348</td>\n      <td>-0.375648</td>\n      <td>-0.016700</td>\n      <td>-0.015282</td>\n      <td>-0.017682</td>\n      <td>0.027383</td>\n    </tr>\n    <tr>\n      <th>SlowD</th>\n      <td>0.080481</td>\n      <td>-0.008805</td>\n      <td>0.106085</td>\n      <td>-0.010870</td>\n      <td>0.003083</td>\n      <td>0.621833</td>\n      <td>0.088539</td>\n      <td>0.263710</td>\n      <td>0.425902</td>\n      <td>0.669935</td>\n      <td>0.900018</td>\n      <td>1.000000</td>\n      <td>0.039943</td>\n      <td>0.766640</td>\n      <td>0.394023</td>\n      <td>-0.440320</td>\n      <td>-0.011395</td>\n      <td>-0.010870</td>\n      <td>-0.013937</td>\n      <td>0.029485</td>\n    </tr>\n    <tr>\n      <th>adx</th>\n      <td>0.085651</td>\n      <td>0.084547</td>\n      <td>0.021470</td>\n      <td>0.072703</td>\n      <td>0.074907</td>\n      <td>0.016684</td>\n      <td>-0.019088</td>\n      <td>0.063332</td>\n      <td>0.074848</td>\n      <td>0.077472</td>\n      <td>0.041626</td>\n      <td>0.039943</td>\n      <td>1.000000</td>\n      <td>0.043725</td>\n      <td>-0.015189</td>\n      <td>-0.061951</td>\n      <td>0.033836</td>\n      <td>0.072703</td>\n      <td>0.098174</td>\n      <td>0.047209</td>\n    </tr>\n    <tr>\n      <th>cci</th>\n      <td>0.102886</td>\n      <td>-0.040379</td>\n      <td>0.328551</td>\n      <td>-0.014269</td>\n      <td>0.003055</td>\n      <td>0.827443</td>\n      <td>0.119404</td>\n      <td>0.436924</td>\n      <td>0.617616</td>\n      <td>0.708042</td>\n      <td>0.773764</td>\n      <td>0.766640</td>\n      <td>0.043725</td>\n      <td>1.000000</td>\n      <td>0.622700</td>\n      <td>-0.663308</td>\n      <td>-0.009360</td>\n      <td>-0.014269</td>\n      <td>-0.020125</td>\n      <td>0.045987</td>\n    </tr>\n    <tr>\n      <th>Aroon Up</th>\n      <td>0.095910</td>\n      <td>0.059982</td>\n      <td>0.089993</td>\n      <td>0.015150</td>\n      <td>0.026244</td>\n      <td>0.680381</td>\n      <td>0.114860</td>\n      <td>0.576236</td>\n      <td>0.660346</td>\n      <td>0.370951</td>\n      <td>0.333348</td>\n      <td>0.394023</td>\n      <td>-0.015189</td>\n      <td>0.622700</td>\n      <td>1.000000</td>\n      <td>-0.537063</td>\n      <td>0.019138</td>\n      <td>0.015150</td>\n      <td>0.011877</td>\n      <td>0.036550</td>\n    </tr>\n    <tr>\n      <th>Aroon Down</th>\n      <td>-0.099667</td>\n      <td>0.116990</td>\n      <td>-0.119500</td>\n      <td>-0.015117</td>\n      <td>-0.026642</td>\n      <td>-0.702991</td>\n      <td>-0.114102</td>\n      <td>-0.561520</td>\n      <td>-0.665752</td>\n      <td>-0.393087</td>\n      <td>-0.375648</td>\n      <td>-0.440320</td>\n      <td>-0.061951</td>\n      <td>-0.663308</td>\n      <td>-0.537063</td>\n      <td>1.000000</td>\n      <td>-0.027621</td>\n      <td>-0.015117</td>\n      <td>-0.003011</td>\n      <td>-0.040059</td>\n    </tr>\n    <tr>\n      <th>Real Lower Band</th>\n      <td>0.982409</td>\n      <td>-0.300251</td>\n      <td>-0.023259</td>\n      <td>0.992587</td>\n      <td>0.992051</td>\n      <td>0.099584</td>\n      <td>0.846681</td>\n      <td>0.073014</td>\n      <td>0.040334</td>\n      <td>-0.051247</td>\n      <td>-0.016700</td>\n      <td>-0.011395</td>\n      <td>0.033836</td>\n      <td>-0.009360</td>\n      <td>0.019138</td>\n      <td>-0.027621</td>\n      <td>1.000000</td>\n      <td>0.992587</td>\n      <td>0.979941</td>\n      <td>0.864077</td>\n    </tr>\n    <tr>\n      <th>Real Middle Band</th>\n      <td>0.988182</td>\n      <td>-0.311382</td>\n      <td>-0.022926</td>\n      <td>1.000000</td>\n      <td>0.999478</td>\n      <td>0.088581</td>\n      <td>0.845094</td>\n      <td>0.060579</td>\n      <td>0.028375</td>\n      <td>-0.046378</td>\n      <td>-0.015282</td>\n      <td>-0.010870</td>\n      <td>0.072703</td>\n      <td>-0.014269</td>\n      <td>0.015150</td>\n      <td>-0.015117</td>\n      <td>0.992587</td>\n      <td>1.000000</td>\n      <td>0.996145</td>\n      <td>0.892491</td>\n    </tr>\n    <tr>\n      <th>Real Upper Band</th>\n      <td>0.983649</td>\n      <td>-0.312439</td>\n      <td>-0.023410</td>\n      <td>0.996145</td>\n      <td>0.995648</td>\n      <td>0.076402</td>\n      <td>0.836649</td>\n      <td>0.047946</td>\n      <td>0.016337</td>\n      <td>-0.045281</td>\n      <td>-0.017682</td>\n      <td>-0.013937</td>\n      <td>0.098174</td>\n      <td>-0.020125</td>\n      <td>0.011877</td>\n      <td>-0.003011</td>\n      <td>0.979941</td>\n      <td>0.996145</td>\n      <td>1.000000</td>\n      <td>0.904091</td>\n    </tr>\n    <tr>\n      <th>ad</th>\n      <td>0.893689</td>\n      <td>-0.484374</td>\n      <td>0.008359</td>\n      <td>0.892491</td>\n      <td>0.893823</td>\n      <td>0.111019</td>\n      <td>0.755911</td>\n      <td>0.041966</td>\n      <td>0.034954</td>\n      <td>0.034886</td>\n      <td>0.027383</td>\n      <td>0.029485</td>\n      <td>0.047209</td>\n      <td>0.045987</td>\n      <td>0.036550</td>\n      <td>-0.040059</td>\n      <td>0.864077</td>\n      <td>0.892491</td>\n      <td>0.904091</td>\n      <td>1.000000</td>\n    </tr>\n  </tbody>\n</table>\n</div>"
     },
     "execution_count": 5,
     "metadata": {},
     "output_type": "execute_result"
    }
   ],
   "source": [
    "x.corr(method='spearman')"
   ]
  },
  {
   "cell_type": "code",
   "execution_count": 6,
   "id": "b6a94aff",
   "metadata": {
    "scrolled": true
   },
   "outputs": [
    {
     "data": {
      "text/plain": "date\n1999-12-28    0\n1999-12-29    1\n1999-12-30    1\n1999-12-31    1\n2000-01-03    0\nName: shifted_ROC_BOOL, dtype: int64"
     },
     "execution_count": 6,
     "metadata": {},
     "output_type": "execute_result"
    }
   ],
   "source": [
    "y = df['shifted_ROC_BOOL'].copy()\n",
    "y.head()"
   ]
  },
  {
   "cell_type": "code",
   "execution_count": 7,
   "id": "7dfb22b9",
   "metadata": {},
   "outputs": [],
   "source": [
    "x_train, x_test, y_train, y_test = train_test_split(x, y, test_size=0.2, random_state=0, shuffle=False)"
   ]
  },
  {
   "cell_type": "code",
   "execution_count": 8,
   "id": "90fc26bb",
   "metadata": {},
   "outputs": [],
   "source": [
    "x_eval = df_eval.drop(\n",
    "    ['1. open', '2. high', '3. low', '5. adjusted close', '7. dividend amount', '8. split coefficient',\n",
    "     'shifted_ROC_BOOL'], axis=1).copy()\n",
    "y_eval = df_eval['shifted_ROC_BOOL'].copy()\n",
    "\n",
    "eval_set = [(xgb.DMatrix(x_eval, label=y_eval), 'eval')]"
   ]
  },
  {
   "cell_type": "code",
   "execution_count": 9,
   "id": "1caea546",
   "metadata": {},
   "outputs": [],
   "source": [
    "def generate_metrics(y_train,y_test,predictions, predictions_in_sample):\n",
    "    from sklearn.metrics import accuracy_score, precision_score, recall_score\n",
    "    from sklearn.metrics import f1_score, confusion_matrix, ConfusionMatrixDisplay\n",
    "\n",
    "    accuracy_out = accuracy_score(y_test, predictions)\n",
    "    accuracy_in = accuracy_score(y_train, predictions_in_sample)\n",
    "\n",
    "    precision_out = precision_score(y_test, predictions)\n",
    "    precision_in = precision_score(y_train, predictions_in_sample)\n",
    "\n",
    "    recall_out = recall_score(y_test, predictions)\n",
    "    recall_in = recall_score(y_train, predictions_in_sample)\n",
    "\n",
    "    f_score_out = f1_score(y_test, predictions)\n",
    "    f_score_in = f1_score(y_train, predictions_in_sample)\n",
    "\n",
    "    print(f\"Accuracy out-of-sample: {accuracy_out}\")\n",
    "    print(f\"Precision out-of-sample: {precision_out}\")\n",
    "    print(f\"Recall out-of-sample: {recall_out}\")\n",
    "    print(f\"FScore out-of-sample: {f_score_out}\\n\")\n",
    "\n",
    "    print(f\"Accuracy in-sample: {accuracy_in}\")\n",
    "    print(f\"Precision in-sample: {precision_in}\")\n",
    "    print(f\"Recall in-sample: {recall_in}\")\n",
    "    print(f\"FScore in-sample: {f_score_in}\")\n",
    "    \n",
    "    fig, ax = plt.subplots(1, 2, figsize=(15, 5))\n",
    "    cm_out = confusion_matrix(y_test, predictions) / len(y_test) * 100\n",
    "    cm_in = confusion_matrix(y_train, predictions_in_sample) / len(y_train) * 100\n",
    "\n",
    "    ax[0].set_title(\"Confusion Matrix - Out-of-Sample\")\n",
    "    ax[1].set_title(\"Confusion Matrix - In-Sample\")\n",
    "\n",
    "    ax[0] = ConfusionMatrixDisplay(confusion_matrix=cm_out).plot(ax=ax[0], cmap='Greys')\n",
    "    ax[1] = ConfusionMatrixDisplay(confusion_matrix=cm_in).plot(ax=ax[1], cmap='Greys')\n",
    "\n",
    "    plt.show()\n",
    "    xgb.plot_importance(model)\n",
    "    plt.show()"
   ]
  },
  {
   "cell_type": "code",
   "execution_count": 10,
   "id": "08abed7e",
   "metadata": {
    "pycharm": {
     "name": "#%%\n"
    }
   },
   "outputs": [
    {
     "name": "stdout",
     "output_type": "stream",
     "text": [
      "[0]\teval-error:0.46465\n",
      "[1]\teval-error:0.46465\n",
      "[2]\teval-error:0.46609\n",
      "[3]\teval-error:0.47330\n",
      "[4]\teval-error:0.47186\n",
      "[5]\teval-error:0.47619\n",
      "[6]\teval-error:0.47042\n",
      "[7]\teval-error:0.47403\n",
      "[8]\teval-error:0.46609\n",
      "[9]\teval-error:0.45960\n",
      "[10]\teval-error:0.46465\n",
      "[11]\teval-error:0.47403\n",
      "[12]\teval-error:0.47258\n",
      "[13]\teval-error:0.47475\n",
      "[14]\teval-error:0.47547\n",
      "[15]\teval-error:0.47475\n",
      "[16]\teval-error:0.47691\n",
      "[17]\teval-error:0.48340\n",
      "[18]\teval-error:0.46753\n",
      "[19]\teval-error:0.47691\n",
      "[20]\teval-error:0.46681\n",
      "[21]\teval-error:0.47186\n",
      "[22]\teval-error:0.47330\n",
      "[23]\teval-error:0.48268\n",
      "[24]\teval-error:0.47691\n",
      "[25]\teval-error:0.48052\n",
      "[26]\teval-error:0.48990\n",
      "[27]\teval-error:0.47042\n",
      "[28]\teval-error:0.47619\n",
      "[29]\teval-error:0.47330\n"
     ]
    }
   ],
   "source": [
    "train = xgb.DMatrix(x_train, label=y_train)\n",
    "test = xgb.DMatrix(x_test, label=y_test)\n",
    "param = {\n",
    "    'max_depth': 14,\n",
    "    'eta': 0.2,\n",
    "    'objective': 'binary:hinge',\n",
    "    'gamma': 2,\n",
    "    'subsample': 0.33,\n",
    "    'eval_metric': 'error' # Binary classification error rate \n",
    "}\n",
    "epochs = 300\n",
    "\n",
    "model = xgb.train(params=param, dtrain=train, num_boost_round=epochs, evals=eval_set, early_stopping_rounds=20)"
   ]
  },
  {
   "cell_type": "code",
   "execution_count": 11,
   "id": "503d0252",
   "metadata": {},
   "outputs": [
    {
     "name": "stdout",
     "output_type": "stream",
     "text": [
      "Accuracy out-of-sample: 0.53125\n",
      "Precision out-of-sample: 0.5660377358490566\n",
      "Recall out-of-sample: 0.5568445475638051\n",
      "FScore out-of-sample: 0.5614035087719297\n",
      "\n",
      "Accuracy in-sample: 0.9253125\n",
      "Precision in-sample: 0.9183796856106409\n",
      "Recall in-sample: 0.9359211337030191\n",
      "FScore in-sample: 0.9270674397314617\n"
     ]
    },
    {
     "data": {
      "text/plain": "<Figure size 1080x360 with 4 Axes>",
